# Wed 20:21:08 14-Sep-2022
begin	identify HgCd_20220627_VPH7_1_69arcsec[100,*]
	id	HgCd_20220627_VPH7_1_69arcsec
	task	identify
	image	HgCd_20220627_VPH7_1_69arcsec[100,*]
	units	Angstroms
	features	15
	         65.76 6964.82714    6965.43   4.0 1 1 ArI
	         77.01 6908.08974    6907.52   4.0 1 1 HgI
	        170.22 6438.94787    6438.47   4.0 1 1 CdI
	        211.01 6234.08986     6234.4   4.0 1 1 HgI
	        299.64 5790.33253    5790.67   4.0 1 1 HgI
	        303.78 5769.65358    5769.61   4.0 1 1 HgI
	        365.84 5460.54192    5460.74   4.0 1 1 HgI
	        441.46 5086.17333    5085.82   4.0 1 1 CdI
	        476.03 4916.15509    4916.07   4.0 1 1 HgI
	        499.76 4799.85831    4799.91   4.0 1 1 CdI
	        524.66 4678.34028    4678.15   4.0 1 1 CdI
	        590.76 4358.30748    4358.33   4.0 1 1 HgI
	        649.53 4077.52572    4077.84   4.0 1 1 HgI
	        656.06 4046.55544    4046.56   4.0 1 1 HgI
	        740.77  3650.2717    3650.15   4.0 1 1 HgI
	function legendre
	order 5
	sample *
	naverage 1
	niterate 0
	low_reject 3.
	high_reject 3.
	grow 0.
	coefficients	9
		2.
		5.
		65.75915527343749
		740.7738647460936
		5285.325963128853
		-1662.767044929483
		21.46729927243601
		5.489323204999656
		0.7561554394544374

# Wed 20:21:25 14-Sep-2022
begin	identify HgCd_20220627_VPH7_1_69arcsec[80,*]
	id	HgCd_20220627_VPH7_1_69arcsec
	task	identify
	image	HgCd_20220627_VPH7_1_69arcsec[80,*]
	units	Angstroms
	features	15
	         65.22 6965.65476    6965.43   4.0 1 1 ArI
	         76.87 6907.17213    6907.52   4.0 1 1 HgI
	        170.15 6438.73396    6438.47   4.0 1 1 CdI
	        210.87 6234.43865     6234.4   4.0 1 1 HgI
	        299.53 5790.55108    5790.67   4.0 1 1 HgI
	        303.74 5769.54092    5769.61   4.0 1 1 HgI
	        365.77 5460.41341    5460.74   4.0 1 1 HgI
	        441.37 5086.08597    5085.82   4.0 1 1 CdI
	        475.86 4916.39796    4916.07   4.0 1 1 HgI
	        499.66  4799.8263    4799.91   4.0 1 1 CdI
	        524.61 4678.03452    4678.15   4.0 1 1 CdI
	        590.65 4358.36419    4358.33   4.0 1 1 HgI
	        649.38   4077.839    4077.84   4.0 1 1 HgI
	        656.01 4046.40356    4046.56   4.0 1 1 HgI
	        740.68 3650.21361    3650.15   4.0 1 1 HgI
	function legendre
	order 5
	sample *
	naverage 1
	niterate 0
	low_reject 3.
	high_reject 3.
	grow 0.
	coefficients	9
		2.
		5.
		65.21879577636719
		740.6802368164062
		5286.359353281079
		-1663.694958483716
		21.13681430677982
		5.974387339555371
		0.4380168025432319

# Wed 20:21:25 14-Sep-2022
begin	identify HgCd_20220627_VPH7_1_69arcsec[60,*]
	id	HgCd_20220627_VPH7_1_69arcsec
	task	identify
	image	HgCd_20220627_VPH7_1_69arcsec[60,*]
	units	Angstroms
	features	15
	         65.17 6965.75102    6965.43   4.0 1 1 ArI
	         76.89 6907.00272    6907.52   4.0 1 1 HgI
	        170.08 6439.36676    6438.47   4.0 1 1 CdI
	        211.09 6233.56921     6234.4   4.0 1 1 HgI
	        299.52 5790.74118    5790.67   4.0 1 1 HgI
	        303.73 5769.71107    5769.61   4.0 1 1 HgI
	        365.76 5460.47819    5460.74   4.0 1 1 HgI
	        441.31 5086.29533    5085.82   4.0 1 1 CdI
	        475.94 4915.86001    4916.07   4.0 1 1 HgI
	        499.61 4799.91528    4799.91   4.0 1 1 CdI
	        524.58 4678.04861    4678.15   4.0 1 1 CdI
	        590.60 4358.50501    4358.33   4.0 1 1 HgI
	        649.37 4077.81836    4077.84   4.0 1 1 HgI
	        655.99 4046.40677    4046.56   4.0 1 1 HgI
	        740.67 3650.20048    3650.15   4.0 1 1 HgI
	function legendre
	order 5
	sample *
	naverage 1
	niterate 0
	low_reject 3.
	high_reject 3.
	grow 0.
	coefficients	9
		2.
		5.
		65.17416381835937
		740.672607421875
		5286.505823275179
		-1663.974217418103
		21.17512316439028
		6.198946402960668
		0.2948031197517178

# Wed 20:21:25 14-Sep-2022
begin	identify HgCd_20220627_VPH7_1_69arcsec[40,*]
	id	HgCd_20220627_VPH7_1_69arcsec
	task	identify
	image	HgCd_20220627_VPH7_1_69arcsec[40,*]
	units	Angstroms
	features	15
	         65.01 6966.14582    6965.43   4.0 1 1 ArI
	         76.87 6906.57441    6907.52   4.0 1 1 HgI
	        170.04 6438.71122    6438.47   4.0 1 1 CdI
	        210.70 6234.69873     6234.4   4.0 1 1 HgI
	        299.39 5790.65474    5790.67   4.0 1 1 HgI
	        303.66 5769.36765    5769.61   4.0 1 1 HgI
	        365.66 5460.35424    5460.74   4.0 1 1 HgI
	        441.20 5086.22768    5085.82   4.0 1 1 CdI
	        475.88 4915.55616    4916.07   4.0 1 1 HgI
	        499.44 4800.14492    4799.91   4.0 1 1 CdI
	        524.37 4678.42988    4678.15   4.0 1 1 CdI
	        590.42 4358.69493    4358.33   4.0 1 1 HgI
	        649.29 4077.59543    4077.84   4.0 1 1 HgI
	        655.92  4046.2018    4046.56   4.0 1 1 HgI
	        740.64 3650.31238    3650.15   4.0 1 1 HgI
	function legendre
	order 5
	sample *
	naverage 1
	niterate 0
	low_reject 3.
	high_reject 3.
	grow 0.
	coefficients	9
		2.
		5.
		65.00810241699218
		740.6404418945312
		5286.358919737921
		-1664.134568753078
		21.30782344020338
		6.217849427800691
		0.5623588149474109

# Wed 20:21:25 14-Sep-2022
begin	identify HgCd_20220627_VPH7_1_69arcsec[20,*]
	id	HgCd_20220627_VPH7_1_69arcsec
	task	identify
	image	HgCd_20220627_VPH7_1_69arcsec[20,*]
	units	Angstroms
	features	15
	         65.17 6965.56047    6965.43   4.0 1 1 ArI
	         76.84 6907.04719    6907.52   4.0 1 1 HgI
	        169.97 6439.59517    6438.47   4.0 1 1 CdI
	        210.93 6233.91867     6234.4   4.0 1 1 HgI
	        299.33 5790.78427    5790.67   4.0 1 1 HgI
	        303.60 5769.40029    5769.61   4.0 1 1 HgI
	        365.59 5460.10745    5460.74   4.0 1 1 HgI
	        441.14 5085.62936    5085.82   4.0 1 1 CdI
	        475.80  4915.0064    4916.07   4.0 1 1 HgI
	        499.34 4799.63487    4799.91   4.0 1 1 CdI
	        523.60 4681.24132    4678.15   4.0 1 1 CdI
	        590.34 4358.27343    4358.33   4.0 1 1 HgI
	        649.27 4076.99546    4077.84   4.0 1 1 HgI
	        655.85  4045.8149    4046.56   4.0 1 1 HgI
	        740.39 3650.66078    3650.15   4.0 1 1 HgI
	function legendre
	order 5
	sample *
	naverage 1
	niterate 0
	low_reject 3.
	high_reject 3.
	grow 0.
	coefficients	9
		2.
		5.
		65.1659927368164
		740.3930053710936
		5286.184960747009
		-1663.974067852431
		21.76817521807419
		6.524220414990619
		0.1574866058061844

# Wed 20:21:25 14-Sep-2022
begin	identify HgCd_20220627_VPH7_1_69arcsec[120,*]
	id	HgCd_20220627_VPH7_1_69arcsec
	task	identify
	image	HgCd_20220627_VPH7_1_69arcsec[120,*]
	units	Angstroms
	features	15
	         65.57 6965.11462    6965.43   4.0 1 1 ArI
	         77.03   6907.738    6907.52   4.0 1 1 HgI
	        170.31 6439.87859    6438.47   4.0 1 1 CdI
	        211.62 6232.44661     6234.4   4.0 1 1 HgI
	        299.76 5790.69459    5790.67   4.0 1 1 HgI
	        303.83 5770.36779    5769.61   4.0 1 1 HgI
	        365.91 5460.69487    5460.74   4.0 1 1 HgI
	        441.62 5085.64794    5085.82   4.0 1 1 CdI
	        476.02 4916.44309    4916.07   4.0 1 1 HgI
	        499.84 4799.79288    4799.91   4.0 1 1 CdI
	        524.83 4677.91389    4678.15   4.0 1 1 CdI
	        590.90 4358.33465    4358.33   4.0 1 1 HgI
	        649.73 4077.39714    4077.84   4.0 1 1 HgI
	        656.13 4047.08941    4046.56   4.0 1 1 HgI
	        740.86 3650.11592    3650.15   4.0 1 1 HgI
	function legendre
	order 5
	sample *
	naverage 1
	niterate 0
	low_reject 3.
	high_reject 3.
	grow 0.
	coefficients	9
		2.
		5.
		65.5712890625
		740.8593139648436
		5286.299059203518
		-1663.655489995486
		21.49318984447188
		6.156142498269796
		-0.1769776133186406

# Wed 20:21:25 14-Sep-2022
begin	identify HgCd_20220627_VPH7_1_69arcsec[140,*]
	id	HgCd_20220627_VPH7_1_69arcsec
	task	identify
	image	HgCd_20220627_VPH7_1_69arcsec[140,*]
	units	Angstroms
	features	15
	         65.51 6965.14039    6965.43   4.0 1 1 ArI
	         76.96 6907.69417    6907.52   4.0 1 1 HgI
	        170.25 6439.31469    6438.47   4.0 1 1 CdI
	        211.23  6233.6598     6234.4   4.0 1 1 HgI
	        299.79 5790.20608    5790.67   4.0 1 1 HgI
	        303.84 5769.96593    5769.61   4.0 1 1 HgI
	        365.92 5460.59181    5460.74   4.0 1 1 HgI
	        441.63 5085.80295    5085.82   4.0 1 1 CdI
	        475.99 4916.81176    4916.07   4.0 1 1 HgI
	        499.89 4799.82134    4799.91   4.0 1 1 CdI
	        524.88  4677.8748    4678.15   4.0 1 1 CdI
	        590.92 4358.35051    4358.33   4.0 1 1 HgI
	        649.78 4077.24631    4077.84   4.0 1 1 HgI
	        656.17 4046.97403    4046.56   4.0 1 1 HgI
	        740.89 3650.21541    3650.15   4.0 1 1 HgI
	function legendre
	order 5
	sample *
	naverage 1
	niterate 0
	low_reject 3.
	high_reject 3.
	grow 0.
	coefficients	9
		2.
		5.
		65.51141357421874
		740.8887939453125
		5286.207442466671
		-1663.301768582783
		21.25626201178543
		5.83927843222214
		0.2141996524095631

# Wed 20:21:25 14-Sep-2022
begin	identify HgCd_20220627_VPH7_1_69arcsec[160,*]
	id	HgCd_20220627_VPH7_1_69arcsec
	task	identify
	image	HgCd_20220627_VPH7_1_69arcsec[160,*]
	units	Angstroms
	features	15
	         65.67 6965.02558    6965.43   4.0 1 1 ArI
	         77.09  6907.7972    6907.52   4.0 1 1 HgI
	        170.34 6439.71335    6438.47   4.0 1 1 CdI
	        211.51 6232.99162     6234.4   4.0 1 1 HgI
	        299.87 5790.32667    5790.67   4.0 1 1 HgI
	        303.89 5770.24887    5769.61   4.0 1 1 HgI
	        365.98 5460.71442    5460.74   4.0 1 1 HgI
	        441.78 5085.37368    5085.82   4.0 1 1 CdI
	        476.10 4916.63855    4916.07   4.0 1 1 HgI
	        499.95 4799.91549    4799.91   4.0 1 1 CdI
	        524.92 4678.13658    4678.15   4.0 1 1 CdI
	        591.00 4358.55387    4358.33   4.0 1 1 HgI
	        650.00  4076.8572    4077.84   4.0 1 1 HgI
	        656.28 4047.11975    4046.56   4.0 1 1 HgI
	        741.00 3650.25718    3650.15   4.0 1 1 HgI
	function legendre
	order 5
	sample *
	naverage 1
	niterate 0
	low_reject 3.
	high_reject 3.
	grow 0.
	coefficients	9
		2.
		5.
		65.67400360107422
		741.0015258789062
		5286.110041067915
		-1663.280641635964
		21.5577921711051
		5.896441468640433
		-0.02645623526704961

# Wed 20:21:25 14-Sep-2022
begin	identify HgCd_20220627_VPH7_1_69arcsec[180,*]
	id	HgCd_20220627_VPH7_1_69arcsec
	task	identify
	image	HgCd_20220627_VPH7_1_69arcsec[180,*]
	units	Angstroms
	features	15
	         65.38 6965.71028    6965.43   4.0 1 1 ArI
	         77.09 6907.06212    6907.52   4.0 1 1 HgI
	        170.37 6439.27858    6438.47   4.0 1 1 CdI
	        211.36 6233.65466     6234.4   4.0 1 1 HgI
	        299.95 5790.15147    5790.67   4.0 1 1 HgI
	        303.93 5770.24042    5769.61   4.0 1 1 HgI
	        366.03 5460.84617    5460.74   4.0 1 1 HgI
	        441.88 5085.42049    5085.82   4.0 1 1 CdI
	        476.29 4916.24904    4916.07   4.0 1 1 HgI
	        500.06 4799.93886    4799.91   4.0 1 1 CdI
	        525.04 4678.15324    4678.15   4.0 1 1 CdI
	        591.07 4358.82788    4358.33   4.0 1 1 HgI
	        650.12 4076.96938    4077.84   4.0 1 1 HgI
	        656.46 4046.91826    4046.56   4.0 1 1 HgI
	        741.17 3650.24914    3650.15   4.0 1 1 HgI
	function legendre
	order 5
	sample *
	naverage 1
	niterate 0
	low_reject 3.
	high_reject 3.
	grow 0.
	coefficients	9
		2.
		5.
		65.38281249999999
		741.1714477539062
		5286.701664828835
		-1663.727869788829
		21.26173845593523
		5.997296604150572
		0.01630539233550756

# Wed 20:21:25 14-Sep-2022
begin	identify HgCd_20220627_VPH7_1_69arcsec[200,*]
	id	HgCd_20220627_VPH7_1_69arcsec
	task	identify
	image	HgCd_20220627_VPH7_1_69arcsec[200,*]
	units	Angstroms
	features	15
	         65.15 6966.28119    6965.43   4.0 1 1 ArI
	         77.11 6906.43301    6907.52   4.0 1 1 HgI
	        170.39 6438.88919    6438.47   4.0 1 1 CdI
	        211.19 6234.30406     6234.4   4.0 1 1 HgI
	        299.96 5790.04297    5790.67   4.0 1 1 HgI
	        303.93  5770.2164    5769.61   4.0 1 1 HgI
	        366.04 5460.80543    5460.74   4.0 1 1 HgI
	        441.91 5085.31957    5085.82   4.0 1 1 CdI
	        476.36 4916.00805    4916.07   4.0 1 1 HgI
	        500.03 4800.13755    4799.91   4.0 1 1 CdI
	        525.03 4678.28952    4678.15   4.0 1 1 CdI
	        591.09 4358.86052    4358.33   4.0 1 1 HgI
	        650.12 4077.21559    4077.84   4.0 1 1 HgI
	        656.58 4046.59946    4046.56   4.0 1 1 HgI
	        741.32 3650.26748    3650.15   4.0 1 1 HgI
	function legendre
	order 5
	sample *
	naverage 1
	niterate 0
	low_reject 3.
	high_reject 3.
	grow 0.
	coefficients	9
		2.
		5.
		65.15381622314453
		741.3154907226562
		5286.916548512918
		-1664.198644947277
		21.24059648206284
		6.191789475988537
		0.1171940106255454

