# Sun 12:28:38 17-Jul-2022
begin	identify NeHgAr_20220716_1_5arcsec - Ap 1
	id	NeHgAr_20220716_1_5arcsec
	task	identify
	image	NeHgAr_20220716_1_5arcsec - Ap 1
	aperture	1
	aplow	225.18
	aphigh	233.18
	features	36
	        186.02 5460.66358    5460.74   6.0 1 1 
	        345.94 5852.59514    5852.49   6.0 1 1 
	        382.89 5944.87537    5944.83   6.0 1 1 
	        395.12 5975.55466    5975.53   6.0 1 1 
	        416.78 6030.06257    6029.89   6.0 1 1 
	        434.34 6074.37963    6074.34   6.0 1 1 
	        442.96  6096.1863    6096.16   6.0 1 1 
	        461.44 6143.00989    6143.06   6.0 1 1 
	        469.50 6163.48953    6163.59   6.0 1 1 
	        490.60 6217.19709    6217.28   6.0 1 1 
	        509.87 6266.39528     6266.5   6.0 1 1 
	        536.40 6334.37252    6334.43   6.0 1 1 
	        555.40 6383.18332    6382.99   6.0 1 1 
	        603.16 6506.46006    6506.53   6.0 1 1 
	        613.35 6532.86849    6532.88   6.0 1 1 
	        638.76 6598.83715    6598.95   6.0 1 1 
	        669.24  6678.2551    6678.28   6.0 1 1 
	        684.06 6716.96116    6717.04   6.0 1 1 
	        764.98 6929.43951    6929.47   6.0 1 1 
	        778.61  6965.3915    6965.43   6.0 1 1 
	        847.22 7147.16063    7147.04   6.0 1 1 
	        857.32 7174.00346    7173.94   6.0 1 1 
	        884.06 7245.21718    7245.17   6.0 1 1 
	        894.46 7272.96872    7272.94   6.0 1 1 
	        935.99  7383.9913    7383.98   6.0 1 1 
	        956.48 7438.90178     7438.9   6.0 1 1 
	       1062.44 7724.26812    7724.21   6.0 1 1 
	       1145.01 7948.16536    7948.18   6.0 1 1 
	       1260.81 8264.27462    8264.52   6.0 1 1 
	       1274.03 8300.50693    8300.33   6.0 1 1 
	       1345.01 8495.56901    8495.36   6.0 1 1 
	       1354.34 8521.26035    8521.44   6.0 1 1 
	       1448.04 8780.26193    8780.62   6.0 1 1 
	       1571.36 9123.51206    9122.97   6.0 1 1 
	       1761.03 9657.15175    9657.79   6.0 1 1 
	       1806.03 9784.90894     9784.5   6.0 1 1 
	function legendre
	order 5
	sample *
	naverage 1
	niterate 0
	low_reject 3.
	high_reject 3.
	grow 0.
	coefficients	9
		2.
		5.
		186.0162506103516
		1806.034301757813
		7569.633217717592
		2169.02891706454
		50.76667973585989
		-6.906235529392201
		2.386362927778619

