# Wed 21:02:23 14-Sep-2022
begin	identify HgCd_20220627_GR04_1_69arcsec[100,*]
	id	HgCd_20220627_GR04_1_69arcsec
	task	identify
	image	HgCd_20220627_GR04_1_69arcsec[100,*]
	units	Angstroms
	features	19
	         14.50 8114.71122    8115.31   4.0 1 1 ArI
	         47.74  7948.3909     7947.6   4.0 1 1 RbI
	         77.27 7800.86873     7800.3   4.0 1 1 RbI
	        110.56 7634.72994    7635.11   4.0 1 1 ArI
	        161.02 7383.26653    7383.98   4.0 1 1 ArI
	        244.98 6965.76182    6965.43   4.0 1 1 ArI
	        256.77 6907.23567    6907.52   4.0 1 1 HgI
	        351.37 6438.73815    6438.47   4.0 1 1 CdI
	        392.74 6234.71272     6234.4   4.0 1 1 HgI
	        483.31 5790.80273    5790.67   4.0 1 1 HgI
	        487.72 5769.33049    5769.61   4.0 1 1 HgI
	        551.41  5460.6705    5460.74   4.0 1 1 HgI
	        629.95 5085.44393    5085.82   4.0 1 1 CdI
	        665.91  4916.1893    4916.07   4.0 1 1 HgI
	        690.89 4799.70025    4799.91   4.0 1 1 CdI
	        717.12 4678.49687    4678.15   4.0 1 1 CdI
	        787.75 4358.52377    4358.33   4.0 1 1 HgI
	        851.87 4077.57131    4077.84   4.0 1 1 HgI
	        859.07 4046.67515    4046.56   4.0 1 1 HgI
	function legendre
	order 5
	sample *
	naverage 1
	niterate 0
	low_reject 3.
	high_reject 3.
	grow 0.
	coefficients	9
		2.
		5.
		14.50264263153076
		859.0681762695313
		6037.177355014716
		-2048.522250062814
		40.25592754578076
		14.50421606713007
		3.259903135180615

# Wed 21:02:51 14-Sep-2022
begin	identify HgCd_20220627_GR04_1_69arcsec[80,*]
	id	HgCd_20220627_GR04_1_69arcsec
	task	identify
	image	HgCd_20220627_GR04_1_69arcsec[80,*]
	units	Angstroms
	features	19
	         14.43 8114.95274    8115.31   4.0 1 1 ArI
	         47.78 7947.97304     7947.6   4.0 1 1 RbI
	         77.20 7800.98214     7800.3   4.0 1 1 RbI
	        110.50 7634.79309    7635.11   4.0 1 1 ArI
	        161.05 7382.94938    7383.98   4.0 1 1 ArI
	        244.83 6966.47701    6965.43   4.0 1 1 ArI
	        256.77 6907.20737    6907.52   4.0 1 1 HgI
	        351.29 6439.18253    6438.47   4.0 1 1 CdI
	        393.06 6233.22925     6234.4   4.0 1 1 HgI
	        483.27  5791.0974    5790.67   4.0 1 1 HgI
	        487.68 5769.59332    5769.61   4.0 1 1 HgI
	        551.33 5461.02408    5460.74   4.0 1 1 HgI
	        629.92 5085.39024    5085.82   4.0 1 1 CdI
	        665.90 4915.97443    4916.07   4.0 1 1 HgI
	        690.83 4799.72623    4799.91   4.0 1 1 CdI
	        717.07 4678.45997    4678.15   4.0 1 1 CdI
	        787.68 4358.55015    4358.33   4.0 1 1 HgI
	        851.85 4077.50992    4077.84   4.0 1 1 HgI
	        859.03 4046.74771    4046.56   4.0 1 1 HgI
	function legendre
	order 5
	sample *
	naverage 1
	niterate 0
	low_reject 3.
	high_reject 3.
	grow 0.
	coefficients	9
		2.
		5.
		14.42532634735107
		859.0272827148437
		6037.362119153478
		-2048.684307813163
		40.01319073155215
		14.58179131631963
		3.474916611298719

# Wed 21:02:51 14-Sep-2022
begin	identify HgCd_20220627_GR04_1_69arcsec[60,*]
	id	HgCd_20220627_GR04_1_69arcsec
	task	identify
	image	HgCd_20220627_GR04_1_69arcsec[60,*]
	units	Angstroms
	features	19
	         14.49 8114.97949    8115.31   4.0 1 1 ArI
	         47.88 7947.76867     7947.6   4.0 1 1 RbI
	         77.21 7801.13527     7800.3   4.0 1 1 RbI
	        110.51 7634.85578    7635.11   4.0 1 1 ArI
	        160.99 7383.21256    7383.98   4.0 1 1 ArI
	        244.88 6965.96831    6965.43   4.0 1 1 ArI
	        256.73 6907.12049    6907.52   4.0 1 1 HgI
	        351.31 6438.74247    6438.47   4.0 1 1 CdI
	        392.73    6234.48     6234.4   4.0 1 1 HgI
	        483.25 5790.88083    5790.67   4.0 1 1 HgI
	        487.67 5769.32346    5769.61   4.0 1 1 HgI
	        551.31 5460.93395    5460.74   4.0 1 1 HgI
	        629.90 5085.43528    5085.82   4.0 1 1 CdI
	        665.93 4915.86984    4916.07   4.0 1 1 HgI
	        690.85 4799.69175    4799.91   4.0 1 1 CdI
	        717.06 4678.56536    4678.15   4.0 1 1 CdI
	        787.66  4358.6613    4358.33   4.0 1 1 HgI
	        851.79 4077.56883    4077.84   4.0 1 1 HgI
	        859.00 4046.62636    4046.56   4.0 1 1 HgI
	function legendre
	order 5
	sample *
	naverage 1
	niterate 0
	low_reject 3.
	high_reject 3.
	grow 0.
	coefficients	9
		2.
		5.
		14.4904613494873
		859.0017089843749
		6037.145855964835
		-2048.506287869428
		40.36600012473751
		14.32972073976908
		3.291068116806374

# Wed 21:02:51 14-Sep-2022
begin	identify HgCd_20220627_GR04_1_69arcsec[40,*]
	id	HgCd_20220627_GR04_1_69arcsec
	task	identify
	image	HgCd_20220627_GR04_1_69arcsec[40,*]
	units	Angstroms
	features	19
	         14.45 8114.63348    8115.31   4.0 1 1 ArI
	         47.73 7948.22548     7947.6   4.0 1 1 RbI
	         77.21 7801.00974     7800.3   4.0 1 1 RbI
	        110.49 7635.00194    7635.11   4.0 1 1 ArI
	        160.98 7383.46084    7383.98   4.0 1 1 ArI
	        245.14 6964.91982    6965.43   4.0 1 1 ArI
	        256.71 6907.49023    6907.52   4.0 1 1 HgI
	        351.19 6439.45652    6438.47   4.0 1 1 CdI
	        392.90 6233.70367     6234.4   4.0 1 1 HgI
	        483.19 5791.05375    5790.67   4.0 1 1 HgI
	        487.59 5769.58395    5769.61   4.0 1 1 HgI
	        551.22 5461.15446    5460.74   4.0 1 1 HgI
	        629.87  5085.3087    5085.82   4.0 1 1 CdI
	        665.89 4915.73789    4916.07   4.0 1 1 HgI
	        690.79 4799.65254    4799.91   4.0 1 1 CdI
	        717.04 4678.35233    4678.15   4.0 1 1 CdI
	        787.54 4358.93571    4358.33   4.0 1 1 HgI
	        851.78 4077.49473    4077.84   4.0 1 1 HgI
	        858.97 4046.64421    4046.56   4.0 1 1 HgI
	function legendre
	order 5
	sample *
	naverage 1
	niterate 0
	low_reject 3.
	high_reject 3.
	grow 0.
	coefficients	9
		2.
		5.
		14.45138549804688
		858.9660034179686
		6037.252519441337
		-2048.729985908609
		40.19283864930038
		14.73534938450132
		3.193488969681871

# Wed 21:02:51 14-Sep-2022
begin	identify HgCd_20220627_GR04_1_69arcsec[20,*]
	id	HgCd_20220627_GR04_1_69arcsec
	task	identify
	image	HgCd_20220627_GR04_1_69arcsec[20,*]
	units	Angstroms
	features	19
	         14.41 8114.72653    8115.31   4.0 1 1 ArI
	         47.72 7948.03551     7947.6   4.0 1 1 RbI
	         77.09 7801.23843     7800.3   4.0 1 1 RbI
	        110.46 7634.72154    7635.11   4.0 1 1 ArI
	        160.89  7383.4906    7383.98   4.0 1 1 ArI
	        244.95 6965.55298    6965.43   4.0 1 1 ArI
	        256.71 6907.16284    6907.52   4.0 1 1 HgI
	        351.17 6439.40171    6438.47   4.0 1 1 CdI
	        392.96 6233.30523     6234.4   4.0 1 1 HgI
	        483.18 5791.05589    5790.67   4.0 1 1 HgI
	        487.53 5769.86661    5769.61   4.0 1 1 HgI
	        551.19 5461.22718    5460.74   4.0 1 1 HgI
	        629.84  5085.3446    5085.82   4.0 1 1 CdI
	        665.89 4915.56868    4916.07   4.0 1 1 HgI
	        690.74  4799.6969    4799.91   4.0 1 1 CdI
	        717.00 4678.29658    4678.15   4.0 1 1 CdI
	        787.46 4358.98953    4358.33   4.0 1 1 HgI
	        851.69 4077.58136    4077.84   4.0 1 1 HgI
	        858.92  4046.5573    4046.56   4.0 1 1 HgI
	function legendre
	order 5
	sample *
	naverage 1
	niterate 0
	low_reject 3.
	high_reject 3.
	grow 0.
	coefficients	9
		2.
		5.
		14.41042709350586
		858.9248046874999
		6037.236350071738
		-2048.647592315306
		39.99100997082027
		14.56297807605556
		3.41455375488564

# Wed 21:02:51 14-Sep-2022
begin	identify HgCd_20220627_GR04_1_69arcsec[120,*]
	id	HgCd_20220627_GR04_1_69arcsec
	task	identify
	image	HgCd_20220627_GR04_1_69arcsec[120,*]
	units	Angstroms
	features	19
	         14.56  8114.5872    8115.31   4.0 1 1 ArI
	         47.81 7948.16551     7947.6   4.0 1 1 RbI
	         77.13 7801.61203     7800.3   4.0 1 1 RbI
	        110.62  7634.5167    7635.11   4.0 1 1 ArI
	        161.11 7382.96897    7383.98   4.0 1 1 ArI
	        245.05 6965.76313    6965.43   4.0 1 1 ArI
	        256.80 6907.47625    6907.52   4.0 1 1 HgI
	        351.43 6438.96825    6438.47   4.0 1 1 CdI
	        393.01 6233.95005     6234.4   4.0 1 1 HgI
	        483.38 5791.05722    5790.67   4.0 1 1 HgI
	        487.80 5769.53625    5769.61   4.0 1 1 HgI
	        551.52 5460.65329    5460.74   4.0 1 1 HgI
	        630.00    5085.58    5085.82   4.0 1 1 CdI
	        666.01 4916.03448    4916.07   4.0 1 1 HgI
	        690.95 4799.72086    4799.91   4.0 1 1 CdI
	        717.16 4678.59296    4678.15   4.0 1 1 CdI
	        787.87 4358.26073    4358.33   4.0 1 1 HgI
	        851.97 4077.59906    4077.84   4.0 1 1 HgI
	        859.16 4046.77705    4046.56   4.0 1 1 HgI
	function legendre
	order 5
	sample *
	naverage 1
	niterate 0
	low_reject 3.
	high_reject 3.
	grow 0.
	coefficients	9
		2.
		5.
		14.56010913848877
		859.1598510742187
		6037.1831858395
		-2048.487858824882
		39.97746446348815
		14.58278573362824
		3.521475636969025

# Wed 21:02:51 14-Sep-2022
begin	identify HgCd_20220627_GR04_1_69arcsec[140,*]
	id	HgCd_20220627_GR04_1_69arcsec
	task	identify
	image	HgCd_20220627_GR04_1_69arcsec[140,*]
	units	Angstroms
	features	19
	         14.47 8114.84378    8115.31   4.0 1 1 ArI
	         47.77 7948.06906     7947.6   4.0 1 1 RbI
	         77.17 7801.13148     7800.3   4.0 1 1 RbI
	        110.57 7634.48819    7635.11   4.0 1 1 ArI
	        160.99 7383.32383    7383.98   4.0 1 1 ArI
	        244.94 6966.17382    6965.43   4.0 1 1 ArI
	        256.80 6907.30162    6907.52   4.0 1 1 HgI
	        351.44 6438.95523    6438.47   4.0 1 1 CdI
	        393.12  6233.4645     6234.4   4.0 1 1 HgI
	        483.40 5791.12872    5790.67   4.0 1 1 HgI
	        487.81 5769.63371    5769.61   4.0 1 1 HgI
	        551.54 5460.71803    5460.74   4.0 1 1 HgI
	        630.00 5085.69939    5085.82   4.0 1 1 CdI
	        666.02 4916.10754    4916.07   4.0 1 1 HgI
	        690.97 4799.69325    4799.91   4.0 1 1 CdI
	        717.20 4678.45369    4678.15   4.0 1 1 CdI
	        787.89  4358.2115    4358.33   4.0 1 1 HgI
	        851.98 4077.65471    4077.84   4.0 1 1 HgI
	        859.18 4046.76795    4046.56   4.0 1 1 HgI
	function legendre
	order 5
	sample *
	naverage 1
	niterate 0
	low_reject 3.
	high_reject 3.
	grow 0.
	coefficients	9
		2.
		5.
		14.46756839752197
		859.1828002929688
		6037.340747367655
		-2048.537025955945
		39.82419748183176
		14.49911513693268
		3.640920313565624

# Wed 21:02:51 14-Sep-2022
begin	identify HgCd_20220627_GR04_1_69arcsec[160,*]
	id	HgCd_20220627_GR04_1_69arcsec
	task	identify
	image	HgCd_20220627_GR04_1_69arcsec[160,*]
	units	Angstroms
	features	19
	         14.51 8114.80895    8115.31   4.0 1 1 ArI
	         47.81 7948.10375     7947.6   4.0 1 1 RbI
	         77.22 7801.12724     7800.3   4.0 1 1 RbI
	        110.61 7634.56372    7635.11   4.0 1 1 ArI
	        161.03 7383.40888    7383.98   4.0 1 1 ArI
	        245.04 6965.90272    6965.43   4.0 1 1 ArI
	        256.89 6907.10234    6907.52   4.0 1 1 HgI
	        351.53 6438.67611    6438.47   4.0 1 1 CdI
	        392.93 6234.62732     6234.4   4.0 1 1 HgI
	        483.52 5790.73468    5790.67   4.0 1 1 HgI
	        487.85 5769.62721    5769.61   4.0 1 1 HgI
	        551.68 5460.32977    5460.74   4.0 1 1 HgI
	        630.05 5085.81347    5085.82   4.0 1 1 CdI
	        666.11 4916.06699    4916.07   4.0 1 1 HgI
	        691.05  4799.7733    4799.91   4.0 1 1 CdI
	        717.29 4678.49146    4678.15   4.0 1 1 CdI
	        787.97 4358.32101    4358.33   4.0 1 1 HgI
	        852.06 4077.64901    4077.84   4.0 1 1 HgI
	        859.29 4046.69208    4046.56   4.0 1 1 HgI
	function legendre
	order 5
	sample *
	naverage 1
	niterate 0
	low_reject 3.
	high_reject 3.
	grow 0.
	coefficients	9
		2.
		5.
		14.50925731658936
		859.2850341796875
		6037.286544005934
		-2048.535220119988
		39.93731507289175
		14.47678761333119
		3.526655372589944

# Wed 21:02:51 14-Sep-2022
begin	identify HgCd_20220627_GR04_1_69arcsec[180,*]
	id	HgCd_20220627_GR04_1_69arcsec
	task	identify
	image	HgCd_20220627_GR04_1_69arcsec[180,*]
	units	Angstroms
	features	19
	         14.59 8114.65957    8115.31   4.0 1 1 ArI
	         47.72 7948.81581     7947.6   4.0 1 1 RbI
	         77.39 7800.55765     7800.3   4.0 1 1 RbI
	        110.67 7634.55076    7635.11   4.0 1 1 ArI
	        161.14 7383.13939    7383.98   4.0 1 1 ArI
	        245.05 6966.11539    6965.43   4.0 1 1 ArI
	        256.94 6907.16457    6907.52   4.0 1 1 HgI
	        351.65 6438.40467    6438.47   4.0 1 1 CdI
	        392.81 6235.52688     6234.4   4.0 1 1 HgI
	        483.75 5790.00452    5790.67   4.0 1 1 HgI
	        487.91 5769.72017    5769.61   4.0 1 1 HgI
	        551.84 5459.97774    5460.74   4.0 1 1 HgI
	        630.10 5086.06219    5085.82   4.0 1 1 CdI
	        666.20 4916.15845    4916.07   4.0 1 1 HgI
	        691.10 4800.03626    4799.91   4.0 1 1 CdI
	        717.47  4678.2273    4678.15   4.0 1 1 CdI
	        788.07 4358.42915    4358.33   4.0 1 1 HgI
	        852.19  4077.6845    4077.84   4.0 1 1 HgI
	        859.44 4046.58502    4046.56   4.0 1 1 HgI
	function legendre
	order 5
	sample *
	naverage 1
	niterate 0
	low_reject 3.
	high_reject 3.
	grow 0.
	coefficients	9
		2.
		5.
		14.58844566345215
		859.4421997070313
		6037.108733891962
		-2048.5058793375
		40.02809715676242
		14.46860715475904
		3.485463871243057

# Wed 21:02:51 14-Sep-2022
begin	identify HgCd_20220627_GR04_1_69arcsec[200,*]
	id	HgCd_20220627_GR04_1_69arcsec
	task	identify
	image	HgCd_20220627_GR04_1_69arcsec[200,*]
	units	Angstroms
	features	19
	         14.60 8114.26365    8115.31   4.0 1 1 ArI
	         47.74 7948.53409     7947.6   4.0 1 1 RbI
	         77.17 7801.60718     7800.3   4.0 1 1 RbI
	        110.64 7634.74411    7635.11   4.0 1 1 ArI
	        161.20  7383.0396    7383.98   4.0 1 1 ArI
	        245.33 6965.06247    6965.43   4.0 1 1 ArI
	        256.97  6907.3299    6907.52   4.0 1 1 HgI
	        351.69 6438.58059    6438.47   4.0 1 1 CdI
	        392.85 6235.64646     6234.4   4.0 1 1 HgI
	        483.81 5789.97676    5790.67   4.0 1 1 HgI
	        487.92 5769.95031    5769.61   4.0 1 1 HgI
	        551.86 5460.06928    5460.74   4.0 1 1 HgI
	        630.14 5086.05302    5085.82   4.0 1 1 CdI
	        666.23 4916.17948    4916.07   4.0 1 1 HgI
	        691.13 4800.08228    4799.91   4.0 1 1 CdI
	        717.56 4677.93556    4678.15   4.0 1 1 CdI
	        788.12 4358.38094    4358.33   4.0 1 1 HgI
	        852.22 4077.81448    4077.84   4.0 1 1 HgI
	        859.51 4046.56984    4046.56   4.0 1 1 HgI
	function legendre
	order 5
	sample *
	naverage 1
	niterate 0
	low_reject 3.
	high_reject 3.
	grow 0.
	coefficients	9
		2.
		5.
		14.60182666778564
		859.5116577148436
		6037.116460561858
		-2048.565932171818
		39.81129468609074
		14.71902933708741
		3.488990188428084

