# Wed 19:59:33 14-Sep-2022
begin	identify HgCd_20220701_VPH6_1_69arcsec[100,*]
	id	HgCd_20220701_VPH6_1_69arcsec
	task	identify
	image	HgCd_20220701_VPH6_1_69arcsec[100,*]
	units	Angstroms
	features	15
	         19.57 10139.8084    10139.8   4.0 1 1 HgI
	        191.24 9224.23613     9224.5   4.0 1 1 ArI
	        210.18 9123.20723    9122.97   4.0 1 1 ArI
	        323.05 8521.59688    8521.44   4.0 1 1 ArI
	        371.36 8264.40115    8264.52   4.0 1 1 ArI
	        430.91  7947.7671     7947.6   4.0 1 1 RbI
	        489.86  7634.8806    7635.11   4.0 1 1 ArI
	        537.27 7383.76219    7383.98   4.0 1 1 ArI
	        616.50 6965.48122    6965.43   4.0 1 1 ArI
	        627.45 6907.84717    6907.52   4.0 1 1 HgI
	        717.01 6438.14477    6438.47   4.0 1 1 CdI
	        756.01 6234.74619     6234.4   4.0 1 1 HgI
	        841.77 5790.55085    5790.67   4.0 1 1 HgI
	        906.07 5460.66375    5460.74   4.0 1 1 HgI
	        979.91 5085.87641    5085.82   4.0 1 1 CdI
	function legendre
	order 5
	sample *
	naverage 1
	niterate 0
	low_reject 3.
	high_reject 3.
	grow 0.
	coefficients	9
		2.
		5.
		19.57478904724121
		979.9052734374999
		7592.020840644354
		-2534.092419236639
		19.80962709037179
		7.126447039553704
		1.011912428028917

# Wed 20:00:05 14-Sep-2022
begin	identify HgCd_20220701_VPH6_1_69arcsec[80,*]
	id	HgCd_20220701_VPH6_1_69arcsec
	task	identify
	image	HgCd_20220701_VPH6_1_69arcsec[80,*]
	units	Angstroms
	features	15
	         19.32 10139.8035    10139.8   4.0 1 1 HgI
	        191.06 9224.25124     9224.5   4.0 1 1 ArI
	        209.99 9123.30603    9122.97   4.0 1 1 ArI
	        322.93 8521.30304    8521.44   4.0 1 1 ArI
	        371.19 8264.37336    8264.52   4.0 1 1 ArI
	        430.69 7947.96118     7947.6   4.0 1 1 RbI
	        489.67 7634.90337    7635.11   4.0 1 1 ArI
	        537.08 7383.77576    7383.98   4.0 1 1 ArI
	        616.30 6965.62513    6965.43   4.0 1 1 ArI
	        627.28 6907.87262    6907.52   4.0 1 1 HgI
	        716.74  6438.7694    6438.47   4.0 1 1 CdI
	        756.13 6233.39535     6234.4   4.0 1 1 HgI
	        841.55 5790.92821    5790.67   4.0 1 1 HgI
	        905.84 5461.03495    5460.74   4.0 1 1 HgI
	        979.74  5085.6669    5085.82   4.0 1 1 CdI
	function legendre
	order 5
	sample *
	naverage 1
	niterate 0
	low_reject 3.
	high_reject 3.
	grow 0.
	coefficients	9
		2.
		5.
		19.3201675415039
		979.7351074218749
		7592.220903997207
		-2534.184713119844
		19.74331567751265
		7.116435433762119
		0.770962319660989

# Wed 20:00:06 14-Sep-2022
begin	identify HgCd_20220701_VPH6_1_69arcsec[60,*]
	id	HgCd_20220701_VPH6_1_69arcsec
	task	identify
	image	HgCd_20220701_VPH6_1_69arcsec[60,*]
	units	Angstroms
	features	15
	         19.12  10139.727    10139.8   4.0 1 1 HgI
	        190.76 9225.05702     9224.5   4.0 1 1 ArI
	        209.95 9122.74464    9122.97   4.0 1 1 ArI
	        322.90  8520.9645    8521.44   4.0 1 1 ArI
	        371.07 8264.51389    8264.52   4.0 1 1 ArI
	        430.64 7947.75058     7947.6   4.0 1 1 RbI
	        489.50 7635.27986    7635.11   4.0 1 1 ArI
	        537.04 7383.43956    7383.98   4.0 1 1 ArI
	        616.11 6965.92762    6965.43   4.0 1 1 ArI
	        627.16 6907.74247    6907.52   4.0 1 1 HgI
	        716.55 6438.83105    6438.47   4.0 1 1 CdI
	        755.88 6233.70118     6234.4   4.0 1 1 HgI
	        841.46 5790.46154    5790.67   4.0 1 1 HgI
	        905.69 5461.06824    5460.74   4.0 1 1 HgI
	        979.69 5085.76082    5085.82   4.0 1 1 CdI
	function legendre
	order 5
	sample *
	naverage 1
	niterate 0
	low_reject 3.
	high_reject 3.
	grow 0.
	coefficients	9
		2.
		5.
		19.11783790588379
		979.6945190429687
		7592.127534088747
		-2534.561384524613
		19.53165759461222
		7.578291323517386
		1.084724896774907

# Wed 20:00:06 14-Sep-2022
begin	identify HgCd_20220701_VPH6_1_69arcsec[40,*]
	id	HgCd_20220701_VPH6_1_69arcsec
	task	identify
	image	HgCd_20220701_VPH6_1_69arcsec[40,*]
	units	Angstroms
	features	15
	         18.96 10139.8275    10139.8   4.0 1 1 HgI
	        190.77 9224.49455     9224.5   4.0 1 1 ArI
	        209.82 9122.95201    9122.97   4.0 1 1 ArI
	        322.77 8520.99289    8521.44   4.0 1 1 ArI
	        370.95 8264.41087    8264.52   4.0 1 1 ArI
	        430.31 7948.62635     7947.6   4.0 1 1 RbI
	        489.26 7635.57911    7635.11   4.0 1 1 ArI
	        536.85 7383.37479    7383.98   4.0 1 1 ArI
	        616.09 6964.77403    6965.43   4.0 1 1 ArI
	        627.03 6907.16202    6907.52   4.0 1 1 HgI
	        716.36 6438.50707    6438.47   4.0 1 1 CdI
	        755.27 6235.55915     6234.4   4.0 1 1 HgI
	        841.29 5790.02865    5790.67   4.0 1 1 HgI
	        905.50 5460.86909    5460.74   4.0 1 1 HgI
	        979.49 5085.81193    5085.82   4.0 1 1 CdI
	function legendre
	order 5
	sample *
	naverage 1
	niterate 0
	low_reject 3.
	high_reject 3.
	grow 0.
	coefficients	9
		2.
		5.
		18.96179389953613
		979.4872436523437
		7592.144069336309
		-2534.935284395753
		19.63079953338527
		7.927489911150075
		1.044853564389669

# Wed 20:00:06 14-Sep-2022
begin	identify HgCd_20220701_VPH6_1_69arcsec[20,*]
	id	HgCd_20220701_VPH6_1_69arcsec
	task	identify
	image	HgCd_20220701_VPH6_1_69arcsec[20,*]
	units	Angstroms
	features	15
	         18.88  10139.893    10139.8   4.0 1 1 HgI
	        190.81 9223.91887     9224.5   4.0 1 1 ArI
	        209.69 9123.26021    9122.97   4.0 1 1 ArI
	        322.61  8521.3611    8521.44   4.0 1 1 ArI
	        370.85 8264.40217    8264.52   4.0 1 1 ArI
	        430.17 7948.74259     7947.6   4.0 1 1 RbI
	        489.19 7635.25487    7635.11   4.0 1 1 ArI
	        536.74 7383.21327    7383.98   4.0 1 1 ArI
	        615.86 6965.22964    6965.43   4.0 1 1 ArI
	        626.91 6907.05382    6907.52   4.0 1 1 HgI
	        716.18 6438.74311    6438.47   4.0 1 1 CdI
	        755.27 6234.88276     6234.4   4.0 1 1 HgI
	        841.16 5790.19336    5790.67   4.0 1 1 HgI
	        905.36 5461.18434    5460.74   4.0 1 1 HgI
	        979.48 5085.63691    5085.82   4.0 1 1 CdI
	function legendre
	order 5
	sample *
	naverage 1
	niterate 0
	low_reject 3.
	high_reject 3.
	grow 0.
	coefficients	9
		2.
		5.
		18.88247299194336
		979.4801635742187
		7591.837478411569
		-2535.232833193697
		19.94021023072481
		8.104795730795595
		0.9872600402543415

# Wed 20:00:06 14-Sep-2022
begin	identify HgCd_20220701_VPH6_1_69arcsec[120,*]
	id	HgCd_20220701_VPH6_1_69arcsec
	task	identify
	image	HgCd_20220701_VPH6_1_69arcsec[120,*]
	units	Angstroms
	features	15
	         19.63 10139.7599    10139.8   4.0 1 1 HgI
	        191.15 9224.75033     9224.5   4.0 1 1 ArI
	        210.28 9122.80832    9122.97   4.0 1 1 ArI
	        323.11   8521.832    8521.44   4.0 1 1 ArI
	        371.63 8263.65547    8264.52   4.0 1 1 ArI
	        431.00 7948.14137     7947.6   4.0 1 1 RbI
	        489.99 7635.14699    7635.11   4.0 1 1 ArI
	        537.49 7383.65157    7383.98   4.0 1 1 ArI
	        616.70 6965.51352    6965.43   4.0 1 1 ArI
	        627.76 6907.27329    6907.52   4.0 1 1 HgI
	        717.03 6438.98839    6438.47   4.0 1 1 CdI
	        756.20 6234.69255     6234.4   4.0 1 1 HgI
	        842.02 5790.12709    5790.67   4.0 1 1 HgI
	        906.26 5460.65406    5460.74   4.0 1 1 HgI
	        980.14 5085.97518    5085.82   4.0 1 1 CdI
	function legendre
	order 5
	sample *
	naverage 1
	niterate 0
	low_reject 3.
	high_reject 3.
	grow 0.
	coefficients	9
		2.
		5.
		19.62593841552735
		980.1400756835937
		7591.95989360162
		-2533.965291735786
		19.49823738107262
		7.072944516314069
		1.409394886785637

# Wed 20:00:06 14-Sep-2022
begin	identify HgCd_20220701_VPH6_1_69arcsec[140,*]
	id	HgCd_20220701_VPH6_1_69arcsec
	task	identify
	image	HgCd_20220701_VPH6_1_69arcsec[140,*]
	units	Angstroms
	features	15
	         19.68 10139.8843    10139.8   4.0 1 1 HgI
	        191.60 9223.94837     9224.5   4.0 1 1 ArI
	        210.51 9123.15839    9122.97   4.0 1 1 ArI
	        323.31 8521.93068    8521.44   4.0 1 1 ArI
	        371.74 8264.06836    8264.52   4.0 1 1 ArI
	        431.10 7948.41115     7947.6   4.0 1 1 RbI
	        490.12 7635.19006    7635.11   4.0 1 1 ArI
	        537.72 7383.08417    7383.98   4.0 1 1 ArI
	        616.86 6965.42245    6965.43   4.0 1 1 ArI
	        627.86 6907.55765    6907.52   4.0 1 1 HgI
	        717.24 6439.00482    6438.47   4.0 1 1 CdI
	        756.57 6234.01597     6234.4   4.0 1 1 HgI
	        842.22  5790.5253    5790.67   4.0 1 1 HgI
	        906.42 5461.11898    5460.74   4.0 1 1 HgI
	        980.35 5085.64938    5085.82   4.0 1 1 CdI
	function legendre
	order 5
	sample *
	naverage 1
	niterate 0
	low_reject 3.
	high_reject 3.
	grow 0.
	coefficients	9
		2.
		5.
		19.67939758300781
		980.3455810546875
		7592.400053393935
		-2534.404555806855
		19.77062748416916
		7.28710823192668
		0.5961514704217721

# Wed 20:00:06 14-Sep-2022
begin	identify HgCd_20220701_VPH6_1_69arcsec[160,*]
	id	HgCd_20220701_VPH6_1_69arcsec
	task	identify
	image	HgCd_20220701_VPH6_1_69arcsec[160,*]
	units	Angstroms
	features	15
	         19.85  10139.881    10139.8   4.0 1 1 HgI
	        191.68   9224.328     9224.5   4.0 1 1 ArI
	        210.74 9122.76257    9122.97   4.0 1 1 ArI
	        323.61 8521.58587    8521.44   4.0 1 1 ArI
	        371.95 8264.29383    8264.52   4.0 1 1 ArI
	        431.30 7948.74267     7947.6   4.0 1 1 RbI
	        490.34 7635.38947    7635.11   4.0 1 1 ArI
	        537.97 7383.10953    7383.98   4.0 1 1 ArI
	        617.17 6964.91956    6965.43   4.0 1 1 ArI
	        628.15  6907.0989    6907.52   4.0 1 1 HgI
	        717.52 6438.36842    6438.47   4.0 1 1 CdI
	        756.35 6235.88802     6234.4   4.0 1 1 HgI
	        842.48  5789.9349    5790.67   4.0 1 1 HgI
	        906.70 5460.85542    5460.74   4.0 1 1 HgI
	        980.75 5085.81187    5085.82   4.0 1 1 CdI
	function legendre
	order 5
	sample *
	naverage 1
	niterate 0
	low_reject 3.
	high_reject 3.
	grow 0.
	coefficients	9
		2.
		5.
		19.85410118103027
		980.74951171875
		7591.933686613917
		-2534.818502124736
		19.64694518255174
		7.783952059547395
		1.265787901919738

# Wed 20:00:06 14-Sep-2022
begin	identify HgCd_20220701_VPH6_1_69arcsec[180,*]
	id	HgCd_20220701_VPH6_1_69arcsec
	task	identify
	image	HgCd_20220701_VPH6_1_69arcsec[180,*]
	units	Angstroms
	features	15
	         19.99  10139.768    10139.8   4.0 1 1 HgI
	        191.71 9224.75698     9224.5   4.0 1 1 ArI
	        210.83 9122.87366    9122.97   4.0 1 1 ArI
	        323.87 8520.87274    8521.44   4.0 1 1 ArI
	        371.99 8264.89924    8264.52   4.0 1 1 ArI
	        431.58 7948.15261     7947.6   4.0 1 1 RbI
	        490.66 7634.71004    7635.11   4.0 1 1 ArI
	        538.10 7383.50062    7383.98   4.0 1 1 ArI
	        617.20 6965.97689    6965.43   4.0 1 1 ArI
	        628.37 6907.21719    6907.52   4.0 1 1 HgI
	        717.76 6438.51899    6438.47   4.0 1 1 CdI
	        756.81 6234.95132     6234.4   4.0 1 1 HgI
	        842.77 5790.03912    5790.67   4.0 1 1 HgI
	        907.03 5460.83886    5460.74   4.0 1 1 HgI
	        981.06 5085.89378    5085.82   4.0 1 1 CdI
	function legendre
	order 5
	sample *
	naverage 1
	niterate 0
	low_reject 3.
	high_reject 3.
	grow 0.
	coefficients	9
		2.
		5.
		19.99129104614258
		981.0634765625
		7591.798529612941
		-2534.566753831182
		19.74215248425043
		7.629659645130465
		1.290194336121228

